87.65  0.768222
92.0125  0.918418
96.197  0.874782
100.355  0.736822
104.516  0.718817
108.743  0.72493
112.972  0.695544
117.174  0.6679
121.38  0.621818
125.589  0.641555
129.803  0.653126
134.02  0.727062
138.239  0.727328
142.463  0.692451
146.69  0.686255
150.92  0.674036
155.123  0.743264
159.329  0.867035
163.6  0.78694
167.874  0.759934
172.12  0.724342
176.37  0.676682
180.623  0.689344
184.88  0.932806
189.139  0.905432
193.401  0.807856
197.667  0.79875
201.935  0.775304
206.207  0.739164
210.452  0.701503
214.7  0.710589
219.01  0.714734
223.322  0.74186
227.608  0.743344
231.897  0.740739
236.189  0.746012
240.484  0.754828
244.781  0.758011
249.081  0.737756
253.384  0.766661
257.688  0.755667
261.996  0.746135
266.278  0.781503
270.56  0.798611
274.905  0.78918
279.252  0.772773
283.572  0.791496
287.895  0.865553
292.221  0.866568
296.548  0.831943
300.876  0.802288
305.207  0.79206
309.542  0.806833
313.877  0.806438
318.187  0.84978
322.499  0.831444
326.869  0.860382
331.24  0.888124
335.587  0.881456
339.935  0.870169
344.285  0.891534
348.636  0.896776
352.99  0.868898
357.344  0.868542
361.701  0.865797
366.058  0.910857
370.385  0.912829
374.713  0.886941
379.111  0.944093
383.508  0.950741
387.874  0.969567
392.241  1.00815
396.61  0.968367
400.979  1.01628
405.35  1.09059
409.722  0.947159
414.095  0.980841
418.469  0.982398
422.817  0.972095
427.167  0.993366
431.571  1.00164
435.976  0.980255
440.355  0.997771
444.735  1.02305
449.115  1.02104
453.496  1.03548
457.879  1.04924
462.261  1.05009
466.644  1.07829
471.028  1.08393
475.379  1.09716
479.731  1.10381
484.147  1.10202
488.563  1.12554
492.948  1.12791
497.334  1.15962
501.719  1.1529
506.104  1.21467
510.489  1.19548
514.874  1.28102
519.259  1.30684
523.644  1.31558
527.997  1.29485
532.351  1.28972
536.764  1.36742
541.178  1.39283
545.561  1.34064
549.942  1.38032
554.324  0.001
558.705  0.001
563.085  1.46665
567.464  1.51771
571.842  1.53418
576.219  1.53918
580.566  1.56989
584.912  1.61248
589.316  1.63805
593.718  1.68114
598.09  1.64989
602.46  1.71094
606.83  1.71009
611.197  1.71915
615.563  1.7511
619.928  1.75764
624.291  1.69563
628.652  1.69494
632.977  1.52852
637.302  1.28752
641.69  1.09424
646.078  0.918564
650.43  0.816545
654.779  0.781481
659.126  0.746098
663.471  0.694988
667.813  0.682414
672.154  0.682702
676.491  0.690605
680.827  0.692046
685.128  0.684872
689.425  0.698798
693.784  0.865653
698.141  0.85686
702.463  0.736202
706.782  0.696374
711.098  0.708166
715.41  0.683506
719.719  0.710733
724.025  0.715176
728.327  0.708014
732.626  0.717361
736.895  0.716439
741.161  0.766532
745.477  0.949842
749.788  0.880904
754.069  0.732959
758.347  0.758371
762.62  0.70584
766.889  0.711867
771.154  0.728909
775.415  0.001
779.673  0.711288
783.926  0.747844
788.144  0.753577
792.357  0.778131
796.626  0.856901
800.891  0.77908
805.121  0.74491
809.346  0.739316
813.567  0.770212
817.783  0.782045
821.993  0.759013
826.198  0.864491
830.399  0.775247
834.568  0.84516
838.734  0.784393
842.943  0.810901
847.146  0.821169
851.32  0.792303
855.487  0.783689
859.65  0.844279
863.807  0.884828
867.957  0.785269
872.101  0.830976
876.24  0.839603
880.346  0.827804
884.446  0.814538
888.593  0.791581
892.735  0.809336
896.842  0.795654
900.943  0.786744
905.038  0.744242
909.126  0.698007
913.207  0.677064
917.282  0.697241
921.35  0.716646
925.385  0.691483
929.412  0.697872
933.486  0.708942
937.553  0.752617
941.586  0.752885
945.611  0.790114
949.629  0.739526
953.639  0.764294
957.642  0.694942
961.638  0.675152
965.625  0.718118
969.58  0.723008
973.527  0.712367
977.517  0.737497
981.499  0.697885
985.447  0.835933
989.388  0.77366
993.32  0.769272
997.244  0.745444
1001.16  0.71801
1005.07  0.732027
1008.97  0.714443
1012.83  0.714712
1016.69  0.726946
1020.59  0.702914
1024.47  0.707308
1028.33  0.727897
1032.18  0.721071
1036.02  0.724011
1039.84  0.711062
1043.66  0.750001
1047.47  0.723828
1051.25  0.671318
1055.02  0.68322
1058.83  0.789899
1062.62  0.741724
1066.39  0.704815
1070.14  0.708711
1073.89  0.759401
1077.62  0.708323
1081.35  0.701502
1085.06  0.722128
1088.75  0.721552
1092.43  0.686281
1096.13  0.696763
1099.83  0.706627
1103.49  0.729147
1107.15  0.72547
1110.79  0.742404
1114.43  0.841628
1118.05  0.800776
1121.67  0.715919
1125.25  0.693828
1128.82  0.721887
1132.43  0.773875
1136.02  0.810264
1139.58  0.794709
1143.13  0.77376
1146.67  0.689982
1150.2  0.702488
1153.72  0.001
1157.21  0.694177
1160.69  0.740574
1164.19  0.72954
1167.68  0.767352
1171.15  0.738161
1174.6  0.744635
1178.04  0.759142
1181.47  0.737478
1184.89  0.751
1188.28  0.769704
1191.66  0.783859
1195.06  0.755302
1198.46  0.763957
1201.82  0.750604
1205.17  0.756091
1208.51  0.779517
1211.84  0.769666
1215.15  0.759534
1218.44  0.75614
1221.72  0.79027
1225.02  0.799751
1228.31  0.815626
1231.57  0.812811
1234.81  0.775597
1238.05  0.796376
1241.27  1.04397
1244.48  1.07531
1247.66  0.820277
1250.83  0.808307
1254.03  1.0946
1257.22  1.02322
1260.37  0.845402
1263.51  0.800627
1266.64  0.845384
1269.76  0.849849
1272.87  1.86685
1275.97  1.75858
1279.05  0.831658
1282.11  0.815953
1285.15  0.832612
1288.21  0.908834
1291.27  0.789344
1294.29  0.831485
1297.31  1.28253
1300.31  1.36217
1303.3  0.863857
1306.26  0.822548
1309.22  0.840565
1312.19  0.831769
1315.16  0.861812
1318.09  0.866283
1321.02  0.930057
1323.93  0.793453
1326.84  0.905734
1329.73  0.860127
1332.61  0.807897
1335.46  1.07834
1338.3  1.14386
1341.17  0.958597
1344.02  0.918749
1346.84  0.877142
1349.64  0.833008
1352.43  0.791524
1355.23  0.853414
1358.02  0.865458
1360.86  0.001
1363.75  0.765408
1366.69  0.699252
1369.68  0.702389
1372.72  0.738042
1375.82  0.678201
1378.97  0.9385
1382.15  1.11037
1385.37  1.501
1388.61  1.001
1391.87  1.501
1395.12  0.001
1398.37  0.667667
1401.59  0.955887
1404.79  0.001
1407.94  1.06222
1411.05  0.739498
1414.11  0.731545
1417.1  0.709459
1420.02  0.724647
1422.87  0.756319
1425.65  0.667667
1428.34  0.901
1430.94  0.001
1433.46  0.001
1435.88  0.501
1438.22  0.001
1440.46  0.637364
1442.63  0.001
1444.71  0.001
1446.71  0.001
