87.65  0.645793
92.0125  0.729814
96.197  0.69337
100.355  0.637578
104.516  0.62753
108.743  0.607163
112.972  0.613537
117.174  0.573657
121.38  0.538821
125.589  0.550384
129.803  0.559884
134.02  0.605857
138.239  0.611565
142.463  0.580992
146.69  0.573942
150.92  0.567028
155.123  0.603237
159.329  0.654112
163.6  0.629887
167.874  0.622473
172.12  0.630391
176.37  0.596652
180.623  0.587704
184.88  0.667121
189.139  0.675977
193.401  0.643831
197.667  0.658373
201.935  0.655594
206.207  0.63023
210.452  0.61085
214.7  0.618608
219.01  0.608565
223.322  0.627637
227.608  0.633999
231.897  0.628938
236.189  0.63022
240.484  0.642599
244.781  0.645793
249.081  0.6337
253.384  0.648126
257.688  0.631371
261.996  0.633064
266.278  0.652495
270.56  0.671149
274.905  0.666358
279.252  0.668356
283.572  0.675712
287.895  0.717138
292.221  0.674114
296.548  0.689823
300.876  0.690674
305.207  0.684055
309.542  0.691211
313.877  0.697687
318.187  0.718744
322.499  0.710292
326.869  0.733931
331.24  0.725759
335.587  0.749115
339.935  0.738895
344.285  0.742138
348.636  0.732624
352.99  0.735325
357.344  0.747673
361.701  0.745099
366.058  0.764587
370.385  0.77451
374.713  0.778912
379.111  0.783859
383.508  0.805396
387.874  0.804659
392.241  0.816413
396.61  0.817969
400.979  0.845134
405.35  0.875622
409.722  0.814273
414.095  0.838855
418.469  0.849581
422.817  0.837224
427.167  0.838885
431.571  0.851958
435.976  0.838435
440.355  0.862768
444.735  0.883932
449.115  0.8648
453.496  0.88721
457.879  0.890135
462.261  0.891005
466.644  0.910552
471.028  0.937653
475.379  0.923071
479.731  0.959978
484.147  0.960862
488.563  0.956719
492.948  0.969336
497.334  1.01059
501.719  0.997724
506.104  1.00713
510.489  1.02384
514.874  1.07242
519.259  1.10546
523.644  1.09837
527.997  1.1034
532.351  1.11172
536.764  1.14586
541.178  1.15114
545.561  1.1593
549.942  1.15734
554.324  0.001
558.705  0.001
563.085  1.2472
567.464  1.26489
571.842  1.30544
576.219  1.30144
580.566  1.34434
584.912  1.38118
589.316  1.39234
593.718  1.42542
598.09  1.43121
602.46  1.47672
606.83  1.46322
611.197  1.49899
615.563  1.51231
619.928  1.5094
624.291  1.43341
628.652  1.3377
632.977  1.20827
637.302  1.04184
641.69  0.860428
646.078  0.752358
650.43  0.664899
654.779  0.641033
659.126  0.608542
663.471  0.591271
667.813  0.597031
672.154  0.580507
676.491  0.596558
680.827  0.59497
685.128  0.601198
689.425  0.598893
693.784  0.655139
698.141  0.644533
702.463  0.608032
706.782  0.59824
711.098  0.606848
715.41  0.58607
719.719  0.584102
724.025  0.610836
728.327  0.618428
732.626  0.603599
736.895  0.599421
741.161  0.617006
745.477  0.63991
749.788  0.662208
754.069  0.645889
758.347  0.635888
762.62  0.604586
766.889  0.598189
771.154  0.628694
775.415  0.001
779.673  0.607568
783.926  0.636911
788.144  0.632959
792.357  0.641194
796.626  0.656901
800.891  0.657056
805.121  0.630679
809.346  0.640904
813.567  0.664054
817.783  0.669911
821.993  0.644517
826.198  0.711969
830.399  0.654151
834.568  0.698196
838.734  0.656742
842.943  0.682477
847.146  0.683954
851.32  0.671896
855.487  0.684731
859.65  0.69541
863.807  0.706611
867.957  0.665463
872.101  0.726946
876.24  0.710602
880.346  0.708867
884.446  0.720846
888.593  0.688942
892.735  0.69321
896.842  0.687968
900.943  0.646227
905.038  0.62559
909.126  0.594516
913.207  0.594819
917.282  0.584468
921.35  0.603138
925.385  0.594704
929.412  0.597431
933.486  0.591948
937.553  0.599318
941.586  0.61326
945.611  0.622954
949.629  0.601194
953.639  0.61349
957.642  0.582733
961.638  0.59172
965.625  0.610165
969.58  0.64656
973.527  0.592498
977.517  0.633971
981.499  0.571078
985.447  0.643035
989.388  0.65578
993.32  0.652163
997.244  0.614636
1001.16  0.621729
1005.07  0.628604
1008.97  0.593476
1012.83  0.599474
1016.69  0.62944
1020.59  0.616501
1024.47  0.632231
1028.33  0.616862
1032.18  0.618233
1036.02  0.631919
1039.84  0.624033
1043.66  0.640361
1047.47  0.62527
1051.25  0.604505
1055.02  0.60621
1058.83  0.65897
1062.62  0.614376
1066.39  0.580027
1070.14  0.605063
1073.89  0.631336
1077.62  0.606808
1081.35  0.585648
1085.06  0.620478
1088.75  0.587718
1092.43  0.611396
1096.13  0.621191
1099.83  0.619292
1103.49  0.629788
1107.15  0.61214
1110.79  0.635244
1114.43  0.697945
1118.05  0.698987
1121.67  0.619415
1125.25  0.606413
1128.82  0.652264
1132.43  0.646036
1136.02  0.67021
1139.58  0.666691
1143.13  0.658684
1146.67  0.600469
1150.2  0.613549
1153.72  0.001
1157.21  0.604705
1160.69  0.61391
1164.19  0.626221
1167.68  0.653875
1171.15  0.637045
1174.6  0.636047
1178.04  0.639815
1181.47  0.66314
1184.89  0.645014
1188.28  0.654056
1191.66  0.663924
1195.06  0.66926
1198.46  0.66271
1201.82  0.646119
1205.17  0.684124
1208.51  0.681925
1211.84  0.67107
1215.15  0.650485
1218.44  0.64586
1221.72  0.623788
1225.02  0.683037
1228.31  0.702956
1231.57  0.719819
1234.81  0.715842
1238.05  0.725277
1241.27  0.815174
1244.48  0.772541
1247.66  0.703339
1250.83  0.702493
1254.03  0.858143
1257.22  0.815815
1260.37  0.727123
1263.51  0.710226
1266.64  0.680407
1269.76  0.681962
1272.87  0.903439
1275.97  0.891909
1279.05  0.727324
1282.11  0.687604
1285.15  0.681287
1288.21  0.77673
1291.27  0.688117
1294.29  0.69092
1297.31  0.901901
1300.31  0.874589
1303.3  0.727753
1306.26  0.695187
1309.22  0.668573
1312.19  0.704846
1315.16  0.73755
1318.09  0.745258
1321.02  0.705568
1323.93  0.630593
1326.84  0.711059
1329.73  0.699413
1332.61  0.674399
1335.46  0.778476
1338.3  0.803632
1341.17  0.781919
1344.02  0.715286
1346.84  0.657345
1349.64  0.659718
1352.43  0.635663
1355.23  0.649276
1358.02  0.64859
1360.86  0.001
1363.75  0.625684
1366.69  0.610441
1369.68  0.584699
1372.72  0.634375
1375.82  0.591293
1378.97  1.03225
1382.15  0.6885
1385.37  1.16767
1388.61  1.001
1391.87  1.501
1395.12  0.001
1398.37  0.667667
1401.59  0.745361
1404.79  0.001
1407.94  0.847939
1411.05  0.597933
1414.11  0.652636
1417.1  0.629399
1420.02  0.627781
1422.87  0.621567
1425.65  0.834333
1428.34  1.001
1430.94  0.001
1433.46  0.001
1435.88  0.251
1438.22  0.001
1440.46  0.682818
1442.63  0.001
1444.71  0.001
1446.71  0.001
